700 790 803 -657 833 -133 380 240 857 -697 197 -539 525 116 -485 -443 937 -335 737 475 112 790 283 -893 -798 -262 280 469 -899 51 -780 759 -729 -167 -753 -514 765 513 -805 -231 7 28 970 158 302 620 855 385 959 -103 723 -557 948 813 627 598 -982 53 333 798 -902 -636 510 424
-1000 -401 493 738 -253 -183 -209 525 472 -613 -335 -53 -123 510 336 26 533 541 -461 343 -691 -791 818 -654 266 28 -248 926 841 -326 -591 829 -968 -565 -457 998 219 502 39 985 833 302 -763 -237 437 -323 -283
-246 -592 346 -777 -765 -545 361 -894 266 -792 853 -275 974 35 -20 622 404 -148 487 153 32 -737 122 474 -642 -287 1 -865 -38 465 -295 -581 638 -103 -336 858
498 960 -611 -344 -378 787 -649 870 598 -338 -536 -809 -258 -560 694 243 187 456 534 -470 -450 206 788 -460 915 965 148 -64 -698 522 9 -459 -585 -798 -894 -928 -41 -179 -58 542 -494 -866 -525 595 -85 901 -417 -114 -727 321 586 109 -746 283 380 626 -281 -43 -731 22 311 -214 -81
-150 343 266 -504 -419 -960 398 -800 -457 -503 858 258 7 460 -98 760 543 -312 -793 -477 231 559 -711 837 -187 674 -166 -720 -650 43 921 -298
-942 -805 303 -559 -152 349 272 783 -330 -523 891 342 -839 70 -490 558 -318 -785 772 261 684 15 -43 -830 239 -177 621 -416 -37 -471 957 -216 301 191 -528 109 -366 490 -863 -777
665 -703 465 33 384 -533 -669 539 -1000 -432 -375 -276 -329 285 698 285 135 -791 -273 572 176 696 423 -32 486 404 908
-808 -429 641 -250 -4 -230 202 793 998 642 993 -100 -266 332 838 693 987 -162 52 971 103 -646 815 -177 822
402 79 500 57 -713 85 -935 -828 565 -170 -664 -832 -943 870 -764 -70 163 296 -805 -898 787 -191 -629 -56 -255 675 -243 102 -285 498 431 700 73 778 581 -920 -643 -700 275 -343 122 72
228 222 256 -308 31 -379 594 490 -407 383 443 -302 -322 -766 80 -731 238 -303 452 235 -763 -293 676 728 395 400 476 647 -987 780 -572 -527 755 469 194 -945 -850 -848 363 150 783 -613 -18 253 -558 -17 215 -538 229 843 -207 -629 227 173 -573 -156 -327 -917
797 -369 -153 49 -689 885 -796 587 682 -664 936 277 859 511 516 -989 105 47 -539 -50 -688 -504 212 -716 36 57 732 865 333 958 694 73 -455 -973 177 -11 935 -79 286 -986 -58 435 426 72 509 -111 989 -616 713 -655 -510 -681 554 -125 -423 -106 926 -978 82 649 720 465 786 -69 -430 893 501 117 -368 287 399 -445 -371 940 117
-404 644 -794 877 -535 332 -241 -680 -590 136 766 -586 -348 299 -608 -732 615 354 922 -776 846 601 611 441 853 967 -65 46 -122 607 295 985 700 -697 108 811 474 -119 -625 -828 29 -185 276 302 718 -125 209 66 -788 -817 179 920
-994 813 506 -338 842 -1 271 67 97 476 966 418 -741 -796 334 923 -783 563 858 406 -828 -18 -199 -816 137 -371 -109 -401 719 -89 -833 -271 534 40 -688 -568 6 -133 438 92 605 846 -83 -63 -595 -676 362 699 535 -511 -758 -840 -425 -619 -992 886 -299 272
-15 247 -497 -984 -492 -936 472 777 264 -203 959 837 -642 203 144 -532 923 870 -245 883 617 81 -280 -599 -258 487 723 -969 -750 -851 -61 -660
321 960 -537 25 -381 232 225 -696 -793 -446 -989 -817 -940 574 415 -425 363 882 -420 297 -556 783 687 519 -269 377 789 597 58 108 -110 915 800 -824 -835 530 -274 -893 -329 427 -139 645 654 -214 -782 377 -771 -814 532 226 -607 -936 858 54 -83 720 -312 -654 285 -922 -931 -738 -357 -709 -7 481 -791 74 -725 873 -404 312 213
937 368 -175 -907 -949 624 545 985 -48 -591 -444 164 452 933 30 -610 -622 -193 422 62 -719 54 -287 -880 -203 234 436 577
-294 -170 997 365 315 -18 -612 -550 -983 696 776 -428 -400 333 -384 -322 164 -197 -38 364 279 780 624 941 216 459 -264 -19 832 848 -29 640 -771
173 860 773 -387 231 7 577 46 -991 -955 -874 516 -141 640 175 -163 -57 -711 -888 -539 44 822 38 -324 -319 -148 -27 -213 149 240 976 -797 -129 603 -293 363 925 629 -276
-176 -442 -415 778 -364 416 409 -846 230 -758 161 490 822 -255 -319 -515 343 75 891 -957 -634 739 -65 -205 29 520 776 -505 717 242 -304 -401 -450 406 -101 -534 -225 830 288 -680 -739 -492 -219 -210 -991 21 122 345 585 414 -54 251 -270 817 -456 -989 545 -179 -16 -672 -897 261 983 -707 -447 528 811 212 -910
145 886 -692 -885 -685 -259 -22 -141 223 402 -798 -369 -806 626 699 726 -183 -137 240 214 289 -262 -974 124 -37 -869 346 -756 535 -346 831 -901 438 -808 42 -606 -213 -248 724 143 -493 -449 -940 516 -247 -878 -942 568
647 -697 -986 -158 -733 621 -650 -780 -208 -318 838 -601 -40 7 412 576 -937 271 -986 950 -477 374 -703 801 424 -93 -737 499 -213 317 93 -995 247 -282 -78 464 -830 -674 537 879 -951 163 -814 406 155 211 -6 -426
-857 -252 -248 922 -8 -756 342 825 687 -73 -173 529 -329 950 -877 -41 -530 744 413 -625 14 878 654 -12 -550 25 330 560 9 -301 598 -260 -645 -101 -667 953 -420 386 -972 610 650 752 885 -877 -860 -441 -930 -507 -219 710 713 -146 419 -889 652 -653 -459
606 -320 -36 304 -174 643 921 422 913 214 686 -256 670 6 941 678 246 230 -22 235 -93 216 380 651 -471 -353 599 331 -6 878 -752 -511 426 -613 -162 649 78 -295 890 -127 454 -364
-780 -626 391 330 -852 -879 -303 -743 618 331 -241 -877 723 -333 242 -279 -993 -773 765 377 -393 214 -489 776 -118 333 -725 -379 -736 413 664 97 -293 600 630 99 -981 509 273 88 -909 414
-5 31 -35 -201 -736 -966 543 -377 341 -848 537 148 184 -234 169 58 -711 -902 -883 471 -337 644 807 -423 726 -390 -775 909 537 69 -892 -343 391 -787 978 -505 573 -810 -414 547 -544 -107 638 871 -706 448 -309 534 -261 743 -260 312
-261 488 12 386 193 -855 -801 -28 -83 253 967 698 612 234 108 -273 707 -388 -639 943 -280 -385 -264 -750 -693 332 471 981 669 -367 -971 676 -583 319 -762 900 6 226 41 -894 620 903 810 590 -787 -553 -891 -296 -387 -738 285 100 583 797 -995 425 288 -427 -404 -4 60 -410 848 -951 -886 -788 940
133 176 754 -997 -143 -143 -900 987 -927 -241 -392 766 281 -180 -785 56 512 -339 769 -582 -687 656 -79 698 837 342 298 -774 948 196 -54 841 440 883 642 804 -571 350
-220 275 549 844 -47 -590 323 232 -845 857 -62 758 177 304 -837 646 41 866 -916 -351 -613 320 -27 657 -375 420 -949 -367 -521 -650 -623 861 -905 -492 371 -637 775 -447
-279 -737 116 873 396 122 -286 -331 703 433 806 -915 819 -227 -46 -325 -491 695 -892 -979 842 800 -994 -63 447 268 964 -306 -99 -592 689 464 -148 -461 751 -664 30 457 -69 256 -665
-888 259 136 -710 529 -712 -949 -367 418 -622 676 -899 -810 -940 -21 642 -131 560 765 216 -430 -623 -836 507 496 -357 561 -917 105 -235
-871 -999 -986 -26 -806 168 679 -458 330 32 659 -768 730 -536 -742 -321 -41 -953 408 201 -212 -153 -675 -783 292 696 -149 354 693 -588 -700 322 -649 -520 -604 702 -982 642 -761 793 -231 347 -363 364 -626 5 899 -302 238 -150 -154 -503 -644 -710 -992 523 -202 -125 504 -168
-709 317 337 -868 223 -637 -464 874 351 -999 -549 -382 874 -353 -847 -494 867 844 -611 -343 990 377 -975 319 -361 442 -968 -3 278 -742 777 328 -567 415 -788 308 738 869 -857 628 -419 937 5
-674 -105 868 -505 47 379 -991 579 -787 -212 435 -676 -356 -819 917 189 -38 777 -982 590 272 -904 393 694 -913 -142 -892 523 -384 92 -339 -157 892 -240 135 595 877 -619 885 -131 802 61 594 -147 351 -317 546 -8 -508 -334 863 462 -469 654 937 -393 116 174 647 519 306 -450 -908 -100 -661 -255 387
-7 433 875 895 11 -493 247 -502 274 90 -397 756 -610 -47 377 257 52 190 455 -690 -887 -761 504 115 991 543 228 697 -845 805 804 -158 505 153 -331 774 -927 -34 -348 -737 -948 -295 -324 286 -211 -3 891 594 788 617 -428 33 412 -122 -713 150 -682 -491 769 567 191 577 478 294 -865 410 114 898 817 449 208 -510
638 -823 -272 -948 -133 999 577 567 -29 265 -614 750 -182 110 -417 549 956 -35 253 -144 -25 468 -405 -598 -242 -510 -240 865 -11 455 -739 -784 566 -439 -341 -761 132 113 560 -374 673 277 961 386 541 -816 -318 -967 137 907 -126 970 -720 694 759 523 -82 -24 -198
-85 957 -566 -533 -675 987 80 -874 -132 369 -930 -817 156 -457 624 462 -835 -176 -461 305 320 -754 337 -651 -241 781 -625 -866 -609 642 947 -342 -878 -73 665 -573 833 -261 665 393 210
445 -134 -992 -81 741 -635 288 87 796 -905 136 -820 -627 -20 -489 -222 515 194 649 26 77 14 -889 -576 -930 485 -378 -749 536 654 927 613 -342 814 -524 -664 982 -331 -453 691 104 19 241 -109 178 542 496 198 514 872 847 -781 643 -535 -924 -669 360 805 -521 -77 481
-904 -53 117 694 259 229 -369 654 -191 -694 177 -168 -576 45 513 -770 -143 272 -338 -265 609 -684 -546 -867 -853 287 367 668 -104 462 -567 690 44 -962 852 573 548 28 -864 -15 -577 279 -464 104 556
-283 -222 -411 553 -323 706 641 185 125 -680 495 -391 -683 478 568 898 25 122 169 125 69 484 761 -249 105 71 521 530 -47 -664 469
-462 -7 106 975 610 -50 922 -441 957 7 -34 867 477 97 -810 -594 -897 -168 -666 -169 866 678 359 235 -553 110 -924 550 -816 -875 -964 -417 -239 566 219 -562 887 400 992 -555 -656 599 877 -187 235 -33 110 154 -866 -591 191 -359 -461 -749 829 -434 -58 308 -953 392
243 792 -757 -249 729 932 344 -410 725 355 -654 820 -743 -453 172 253 -525 -365 -364 -219 -838 721 -469 -402 321 -562 -578 -236 268 540 -645 -403 45 -349 84 -136 -335 -841 -298 28 588 191 -775 521 -288 -704 -432 -167 -663 -995 557
-463 -371 -458 -926 -195 -163 -790 -973 575 -445 -524 -541 -481 189 498 625 842 651 -296 -625 55 -362 -531 -350 124 -290 -790 -923 28 -666 -11 234 297 -677 995 -20 973 -224 251 -227 573 103 795 -342 552 -444 -547 436 -323 867 448 -630 -138 90 -111 703 342 -375 216 -302 90 -317 -183 495 -147 65 -357 -273 88 882
-478 166 554 -828 -206 844 -351 544 716 -370 587 204 496 -659 -345 323 -663 127 234 773 -194 -256 34 -614 -558 -493 624 754 -718 883 401 -429 973 -157 -380 -741 727 892 948 -192 417 75 193 294 635 -502 754 -798 -793 617 784 439 -779
-656 -592 684 482 980 469 -397 323 283 666 -944 865 -659 248 159 -612 -526 -228 -894 -868 845 111 -818 -509 -846 -490 -183 935 70 480 -248 291 708
371 -484 454 398 -308 -395 891 378 436 -223 890 309 -354 -733 491 674 -198 -485 977 338 -157 -410 332 263 732 -505 -43 356 -542 511 -205 -364 -400 813 -16 734
557 -824 -661 -161 -343 507 -132 -28 222 354 -838 -614 -407 -740 -99 -620 322 523 672 731 626 716 -909 496 209 -157 451 -8
-163 -719 -331 442 -977 -25 -762 -686 -954 -851 591 83 -766 487 667 747 872 -308 -649 -170 -779 987 543 870 -861 596 -388 -389 120 524 363 34 622 535 68 76 323 -217 308 162 614 -583 89 -399 -17 806 871 -567 -390 245 -50
701 557 574 438 -365 167 -150 -343 -1 858 413 906 -286 -606 518 -326 357 -926 298 766 908 667 980 278 -189 245 -622
-139 691 83 169 -159 336 -376 241 163 -257 686 -242 -647 691 142 -29 292 432 838 -51 -626 923 431 -577 -468 -505 -495 924 -87 35 432 -929 486 78 -22 297 825 -939 71 -743
865 295 883 336 436 -652 -356 -586 574 134 -744 -407 504 -374 -794 -516 -862 996 884 108 244 254 422 764 542 519 -439 -464 727
-267 -957 -113 -367 -397 954 -725 -932 -391 -526 291 -725 -768 317 -503 -485 -666 812 -958 -388 130 729 -443 -625 -508 965 -734 971 -608 543 -778 -321 366 753 -154 390 -600 5 -23 64
-878 776 773 162 -280 -547 12 -49 -273 820 117 590 -213 -782 425 -298 -296 -165 428 243 -690 415 -193 -995 299 637 540 -761 -156 860 411 -460 -931 229 157 -144 -378 374 -45 -18 -538 10 -559