196 9 -37 241 82 258 -249 -992 N/A 46 N/A 587 -847 -47 -518 N/A 302 N/A 214 N/A -927 N/A 427 -878 N/A -673 -502 650 641 311 N/A 825 N/A 22 777 926 655 -735
573 N/A -653 -328 399 -210 N/A 136 145 548 978 566 488 64 57 353 N/A -992 -867 N/A -919 N/A 519 896 -357 N/A 692 985 N/A 406 -682 488 936 -93 -657 945 N/A 421 N/A -49 -524 N/A -386 N/A -523 N/A -72 100 624
-605 -44 -505 N/A -394 N/A -967 N/A -198 431 452 -607 -621 -481 N/A -509 755 -784 N/A 240 897 -617 432 -511 515 N/A 682 N/A 52 N/A -947 -756 10
-803 N/A 770 -141 480 N/A -290 548 597 631 N/A -278 -487 N/A -490 -961 109 N/A -545 951 -24 N/A -166 -982 157 -230 174
883 N/A 421 N/A -968 N/A 427 -778 -467 -829 810 171 N/A 464 610 -949 N/A -419 833 N/A -608 -490 -416 -760 N/A 443 579 337 N/A 358 -292 -840 N/A -546 N/A -710 766 N/A 322 -32 N/A 300 967 454 -687 -748 N/A 570 314 N/A -740 541 9 133 324 629 N/A -172 -120 -553 N/A 603 N/A 756 -277 595 571 -882
223 N/A -776 -876 N/A 609 -953 -509 N/A -50 -618 233 -744 N/A -695 -548 N/A 540 -346 517 547 N/A -108 N/A -383 -102 -708 -959 934
-782 N/A -271 -797 366 N/A 517 N/A -974 979 -356 -834 N/A 28 891 -172 -252 -207 336 568 628 N/A 667 705 944 N/A -985 N/A 89 -621 318 N/A 945 -862
600 N/A 563 -473 N/A 2 830 -862 N/A 722 -367 -951 106 N/A -774 -246 N/A 353 345 N/A 904 -299 705 395 622 N/A 283 528 631 -173 763 249 N/A 146 N/A -265 N/A 80 N/A -475 177 N/A 5 479 -145 N/A -999 837 -370 -645 -364 -437 -239 -877 N/A -586 -377 -547
-903 -941 822 N/A 619 -204 -350 N/A 68 935 -461 N/A 827 N/A 447 -10 746 N/A -843 N/A 757 -80 -655 -475 102 N/A 150 -697 667 146 N/A -221 N/A 544 -737 404 874 276 -533 -151 N/A 729 N/A 830 N/A -24 916 724 -798 -826 -976
529 -423 N/A 830 -711 -327 N/A 706 933 -731 N/A 714 N/A 705 N/A -629 -744 -275 -271 447 N/A -985 -88 -528 -182 -603 -556 130 -15 743 897 -737 -280 -872 N/A -412 N/A -245 N/A 835 N/A 840 N/A -830 -420 -809 989 377 -308 N/A 543 N/A -17 N/A -818 -444 769 598 29
717 -109 -292 -328 -479 -101 820 N/A 752 N/A 123 408 948 756 508 848 761 719 331 N/A -936 28 N/A 744 645 283 789 62 N/A 97 874 N/A -359 N/A 790 N/A 548 N/A -206 N/A -456 -99 429 N/A 2 N/A -377 -559 -732 832 -39 N/A 820 N/A 327 -805
-461 -219 N/A -6 N/A -383 N/A -610 207 360 181 467 819 178 16 882 N/A 933 N/A -588 N/A -406 N/A -178 -101 -181 N/A -37 -188 945 122 556 -957 43 N/A -642 314 523 287 N/A 362 255 978 492 N/A -740 -885 404 97 N/A 413 -607 N/A -957 N/A 77 404 632
964 N/A -174 N/A -683 -245 644 991 -828 403 N/A 431 887 N/A -951 N/A -410 744 N/A 201 -933 927 -448 54 501 N/A 281 8 -609 582 -277 -981 -882 -531 N/A -32 588 N/A -394 -928 N/A -140 464 874 -418 N/A 576 N/A -766 N/A 37 218 461 704 712 -253 N/A -920 N/A 967 -788
-795 728 N/A -818 168 N/A -435 -754 626 -257 N/A 43 N/A -78 N/A 16 -675 -64 N/A -815 668 343 869 287 512
907 346 N/A -844 781 -684 N/A -90 N/A 866 453 N/A 85 -992 -495 N/A 427 -756 -69 -712 977 -584 861 N/A 899 -909
-626 N/A 662 920 -476 348 N/A -550 418 -403 935 N/A 57 786 224 N/A 451 N/A -748 399 260 -229 -487 -640 N/A 813 N/A -690 N/A 969 726 N/A 266 N/A 734 717 596 691 -901 -367 930 -330 -604 591 984 N/A 812 -439 -252 81 -426 221 N/A -912 -577 N/A 22 N/A -848 N/A -19 -936 N/A -86 N/A 953 -424 N/A 794 837 467 -172
107 -451 246 -111 -306 0 668 -22 N/A -248 -815 402 -637 N/A -86 N/A -971 804 N/A 974 -386 789 268 N/A -121 N/A -35 N/A -405 N/A -746 N/A 397 -907 254 -645 N/A -820 N/A 909 -583 -263 N/A 278 -566 N/A 898 N/A -255 710 -727 -685 896 60 N/A -271 996 -378 441 538
64 593 N/A -220 -942 N/A -27 120 N/A -115 -572 N/A -642 N/A -459 806 -448 744 497 -889 N/A 294 N/A 295 N/A -246 -827 N/A 923 N/A -54 918 -796 N/A 382 -142 390 -40 896 N/A 181 N/A -429 645 704 -678 282 -167 -215 -181 -97 N/A -779 283 637 924 296 782 -93 N/A -50 -468 N/A -527 474 567 N/A 77 -753 938 -295
-520 473 -212 N/A -452 723 185 -225 -34 N/A 699 N/A -611 N/A 93 N/A -879 N/A 184 242 -967 539 -631 316 -686 459 N/A 930 -513 N/A 147 N/A 426 -602 -576 981 -322 N/A 664 785 N/A -582 N/A 998 -669 -505 -721 -790 852 N/A -823 -781 23 88 931
392 -139 894 N/A -905 356 -771 -115 N/A -148 N/A -365 N/A -766 -625 N/A -720 N/A 318 -238 506 N/A 978 N/A 708 N/A -126 N/A -865 711 N/A -866 -381 92 -407 338 395 314 N/A -1 -51 817 N/A -366 -627 -587 -73 -588 999 213 -255 -849
971 464 293 N/A 978 389 -668 -849 -968 N/A -418 277 -739 620 573 -938 -872 124 -388 815 -161 -473 N/A -99 -23 N/A 130 503 N/A -211 N/A 154 908 N/A -774 N/A 451 N/A -871 N/A 611 -663 N/A -53 N/A 361 -361 563 N/A 487 -186 122 -331 N/A -296 N/A -902 -914 -462 -102 759 N/A -826 871
719 -731 -814 726 -269 N/A 998 N/A -60 273 774 -942 -461 N/A -755 233 N/A -766 N/A -803 40 799 209 -577 N/A 223 532 887 N/A 7 -785 983 N/A -544 N/A 37 698
233 -675 -276 -359 -432 N/A 829 N/A 57 813 -244 N/A 474 N/A -14 -381 -533 N/A 419 N/A -257 89 92 415 N/A -778 982 -781 877
-643 N/A -933 -4 -588 -326 N/A -629 952 N/A 861 N/A 169 -43 N/A 442 N/A 330 -879 -49 N/A 929 -811 140 944 N/A -120 474 N/A -568 896 -936 454 N/A 660 456 258 -592 401 197 N/A 340 N/A -279 -449 98 -377 -376
563 -488 -488 -263 N/A -749 13 N/A 630 188 -212 N/A 641 N/A 593 866 -706 327 742 407 183 -416 N/A -92 -934 -249 -402 N/A -825 -870 389 -788 -715 542 N/A -333 -970 333 N/A -400 -595 334 N/A 345 176 N/A -828 N/A 569 N/A 277 -480 N/A 774 85 N/A -567 82
-649 540 -76 N/A 374 362 710 857 N/A 178 199 812 N/A -19 N/A -171 -495 886 N/A 455 N/A 943 N/A 466 604 -261 8 -567 N/A -167 914 911 -665
864 623 -405 N/A -645 -163 N/A -511 402 -210 -770 N/A 174 139 980 967 340 -350 N/A -666 -13 -718 N/A 81 -135 N/A -906 995 N/A 637 -483 -474 N/A -232 -299 N/A 822 N/A -239 -913 N/A -720 912 828 -301 N/A -667 -695 -247 N/A 598 816 N/A -823 696 N/A 406 270 121 -870 -660 N/A 741 N/A -388 -453 -275 -431 694 637
235 228 754 512 N/A -771 N/A -157 -324 -138 559 -415 N/A -17 172 743 879 N/A 313 N/A 30 N/A -258 602 N/A -267 N/A -59 -474 294 27 -234 -329 -12 635 N/A 35 331 582 -290 -700 N/A -895 999 520 N/A 680 N/A -193 -450 -458 262 N/A 658 -491 527 N/A 522 436
945 N/A -871 N/A -728 63 -224 87 730 -8 905 701 -846 -726 N/A 806 N/A -299 -106 N/A -776 -571 N/A 765 814 -851 648 497 932 466 -42 N/A 545 N/A 873
-371 N/A 493 -342 -753 -207 N/A 555 N/A -103 384 320 188 876 -917 N/A 89 -196 N/A -578 147 49 N/A -757 -122 185 349 N/A 599 -694 -939 -107 -612 -982 -629 N/A -738 N/A 149 N/A 909 -957 640 911 N/A 282 406 217 N/A 728 N/A -272
-656 N/A 233 286 N/A -202 948 N/A -928 -536 N/A 375 -336 -786 -351 N/A -920 -379 -931 N/A 491 -673 759 -2 -606 52 281 -791 779 432 N/A 344 994 950 -124 N/A -234 105 N/A -748 -241 956 N/A -4 N/A 629 33 N/A -540 477 61 N/A 626 -18 681 -400 N/A -457 -758
-313 318 N/A 741 N/A -534 N/A 840 N/A 775 N/A 135 N/A -724 -250 877 517 192 -81 N/A -168 -699 -432 N/A -814 575 -582 N/A -982 608 880 N/A 296 -979 457 N/A 859 -118 -420 804 979 -325 609 429 N/A -892 -142 879
-116 862 N/A 953 -940 N/A -924 342 721 550 N/A -768 510 -881 -935 676 937 -358 155 N/A 466 25 -212 980 476 830 N/A -453 -645 N/A -163 N/A 38 N/A -633 -269 N/A 195 217 -813 -898 N/A 23
-512 57 -286 506 N/A 92 275 708 -81 N/A 990 N/A 475 927 60 -28 N/A 68 169 -156 N/A -104 -258 N/A 833 -2 -133 N/A 582 N/A 69 -980 N/A 891 N/A 776 -248 N/A 752 -104 -619 -913 -57 8
-131 N/A -469 -774 16 793 N/A 258 100 135 -379 -981 N/A -124 N/A -71 -667 -97 N/A 739 N/A -362 N/A 507 N/A -805 N/A -785 N/A 552 -762 772 234 N/A 406 425 184 -287 -349 25 930 -866 -893 -477 -540 N/A -836 939 -227 -377 N/A 608 875 233 N/A -366 191 N/A -379 -999 10 N/A -219 239
729 903 -691 N/A -309 956 N/A -196 505 -834 998 N/A 280 965 737 N/A -381 838 N/A 222 -968 103 542 -659 N/A 945 119 408 -419 562 N/A 255 N/A 250 -707 199 -861 N/A 514 -247 N/A -514 -48 N/A 577 N/A -469 -988
-928 N/A -444 N/A -112 225 -622 497 N/A -742 -160 551 -317 N/A -129 -195 473 -767 1 N/A -587 -24 N/A -157 537 441 140 N/A 276 920 431 891 672 -672 -847 411 N/A -777 -284 N/A 76 50 915 -875 -251 -128 N/A -133 -721 N/A -981 N/A 971 -778 777 N/A -295 N/A -680 -16 N/A 627
-235 835 838 N/A -356 591 881 N/A -80 N/A -676 N/A 894 932 385 -151 N/A 696 -175 -646 N/A -872 864 -8 -7
855 N/A -732 298 227 608 467 N/A -75 535 48 75 N/A -315 N/A -301 -198 -249 18 N/A -288 -723 677 -919 N/A -967 860
146 -973 255 N/A -511 N/A -462 -915 -504 -618 N/A -485 -955 N/A -448 195 N/A 965 105 N/A -821 N/A 476 -996 -708 N/A 327 359 -996 -825 -182 975
359 779 N/A 552 N/A 207 -30 -358 -490 69 -867 N/A 677 -243 -930 705 838 -650 N/A -732 -283 N/A -75 -658 -282 552 -8 N/A 985 -753 827 512 -749 349 696 N/A 210 -809 981 275 969 -45 N/A -4 945 N/A 656 -136 926 N/A -168 N/A 365 843 N/A 625 N/A 434 -431 -857 N/A 622 -368 N/A 1 N/A -267 N/A 293 N/A 457 184 593
-154 N/A 142 N/A 562 N/A -45 N/A 674 -345 N/A -458 919 741 293 266 899 -150 -21 -284 N/A 117 -755 N/A 553 N/A 64 -112 730 -591 499 -985 -510 -406 N/A -275 588 -360 828 N/A 482 N/A -300 145 251 N/A -826 N/A 72 -77 -326 248 -151 N/A 406 N/A -256 -666 N/A -60 502 -484 -680 831 79 510 -159 N/A -123 866
-744 -834 909 -632 -400 N/A -157 -711 87 -304 689 -758 -635 N/A -89 N/A -996 N/A -837 6 N/A 732 176 -679 -760 N/A -788 N/A -548 -415 -119 687 587 N/A 255 -288 -338 N/A -479 N/A 341 N/A 972 -233 741 284 -910 N/A 440 -681 -7 -499 N/A 673 420 294 N/A -343 -523 N/A 66 -966 N/A -971 929 260 715 N/A 887
279 -350 N/A 256 339 -849 N/A -425 991 707 -47 692 -831 N/A 513 779 -301 N/A -869 414 N/A -36 707 N/A -457 -714 -415 -129 N/A 696 -220 958 N/A 476 N/A -101 -84 459 302 287 N/A -171 532 231 -463 -66 N/A 319 N/A 806
-335 318 490 199 -446 -766 946 -363 N/A 628 696 N/A -423 -455 N/A 397 784 125 N/A -528 N/A 44 -227 -293 -547 N/A 655 -866 -284 -935 N/A -391 N/A -771 958 -253 N/A -987 -272 30 N/A 606 -319 -591 N/A -363 N/A 943 -633 -666 -24 721 N/A 720 619 210 723 N/A -453 N/A -225 -159 750
118 676 N/A -809 -75 -582 835 -426 N/A 617 N/A 640 -624 N/A 246 N/A -453 409 -565 -391 727 N/A -43 867 N/A -51 -109 804 -503 N/A -399 359 -751 -790 -976
797 456 N/A 898 N/A -551 -233 -988 -499 -270 N/A 508 247 -610 N/A -44 -432 N/A -58 N/A 834 -771 832 N/A 140 669 -735 279 833 -635 -743 N/A -463 777 N/A 176 371 -676 -485
882 671 N/A 366 54 N/A -806 -181 N/A 39 -203 -825 -664 492 -210 N/A 283 -778 -447 -63 876 -804 N/A 493 324 -306 N/A -917 N/A -856 87
-147 N/A -984 266 -142 -513 N/A 526 691 817 385 -949 -861 N/A -57 -936 373 -655 N/A 894 923 N/A -397 313 -683 199 N/A 758 343 697 649 -486 N/A 66 N/A 901 -673 N/A -314 N/A 527 -997 N/A 492 953 -204
-615 N/A -154 -645 475 -86 297 N/A -397 465 N/A 188 N/A -674 105 -106 238 276 568 N/A -987 -579 283 -842 N/A -615 N/A -223 -265 771 4 N/A 814 -966 N/A -567 -504 935 457 N/A 899 N/A 916 -410 -277 916 14 -413 N/A 516 N/A 896 -328 N/A 712 628 -626
893 -267 N/A -22 -452 594 -473 182 N/A 885 -699 669 134 406 979 -22 -641 520 N/A -35 N/A 307 N/A 122 442 N/A -698 -646 346 157 301 541 N/A 471 N/A -17 363 N/A 385 -212 -123 761 N/A -100 -839 N/A -438 N/A 237 -557
-541 828 N/A 207 820 494 N/A 169 356 174 -656 908 -909 928 N/A 466 -679 N/A 674 266 N/A 911 N/A 245 -576 N/A -979 789 155 -651 N/A -513 -672 N/A -963 -847 -579 -322 N/A 804
946 N/A 216 N/A 691 N/A 739 493 -885 N/A -334 -46 N/A -244 512 799 -532 -408 733 N/A -989 311 N/A 624 -348 368 N/A 414 -123 769 N/A -798 -188 N/A -323 N/A 343 810 65 554 N/A -937 -163 N/A -12 -792 N/A 547 N/A 585 -542 -124 72 830 -62 853 10 -617 131 607 411 776 -102 N/A 860
693 83 N/A -233 938 N/A 298 632 202 -544 N/A 883 -712 -750 -169 N/A 937 N/A -904 N/A -781 N/A -630 N/A -578 -274 N/A -223 752 N/A 952 -594 -698 -932 543 N/A -271 714 218 N/A -38 -609 -158 -120 -205 -514 -252 -976 -53 N/A 10 N/A 934 -379 -401 899 N/A 32 882 -920
-213 -727 645 N/A 168 N/A -729 981 -596 N/A 889 -976 -98 772 N/A -6 334 N/A 819 -350 -111 -273 766 -586 800 N/A 726 N/A -252 954 N/A 135 -726 N/A -159 -45 -140 N/A 16 -942 -191 -661 N/A 448 227 478 -13 N/A 178 996 -931 N/A 348
795 897 -303 N/A 444 N/A -163 N/A -518 N/A -455 N/A -735 752 N/A 347 990 -13 80 707 -702 -322 N/A -391 -53 139 404 0 837 -285 N/A 322 663 -901
-956 962 -321 -614 636 -130 -668 -213 -776 -622 N/A -991 373 N/A 983 N/A 589 537 N/A -277 N/A -138 -84 N/A -736 N/A -325 N/A 555 N/A -912 265 -326 -407 -662 N/A -69 -65 -703 N/A -109 -872 -991 989 N/A -909 -915 -735 401 -881 -309 722 N/A 810 N/A 379 N/A -917 -468 -946